!
!!
!!!
!#
!#%
!#%*
!@
!@#
#@!
0
00
1
10
11
12
123
123!
123!@#
123#
123$
123+
123@
13
14
147
15
159
16
17
18
19
1950
1951
1952
1953
1954
1955
1956
1957
1958
1959
1960
1961
1962
1963
1964
1965
1966
1967
1968
1969
1970
1971
1972
1973
1974
1975
1976
1977
1978
1979
1980
1981
1982
1983
1984
1985
1986
1987
1988
1989
1990
1991
1992
1993
1994
1995
1996
1997
1998
1999
2
20
2000
2001
2002
2003
2004
2005
2006
2007
2008
2009
2010
2011
2012
2013
2014
2015
2016
2017
2018
2019
2020
21
22
23
24
25
258
26
27
28
29
3
30
31
32
33
34
35
357
36
369
37
38
39
4
40
41
42
43
44
45
456
46
47
48
49
5
50
51
52
53
54
55
56
57
58
59
6
60
61
62
63
64
65
66
67
68
69
7
70
71
72
73
74
741
75
753
76
77
78
789
79
8
80
81
82
83
84
85
852
86
87
88
89
9
90
91
92
93
94
95
96
963
97
98
99
@
@@
